16              
0   0   1			
0   12  0          
0   24  0
0   36  0
0   48  0
16  48  0
16  36  0
16  24  0
16  12  0
16  0   0
34  0   0
34  12  0
34  24  0
52  24  0
52  12  0
52  0   1
22             
1   2   210000000000    2   1   1   1
2   9   210000000000    1   1   2   5
2   3   210000000000    2   1   3   1
3   8   210000000000    1   1   4   6
3   4   210000000000    2   1   5   1
4   7   210000000000    1   1   6   7
4   5   210000000000    2   1   7   1
5   6   210000000000    1   1   8   8
8   7   210000000000    2   1   9   2
8   13  210000000000    1   0   10  6
9   8   210000000000    2   0   11  2
9   12  210000000000    1   1   12  5
10  9   210000000000    2   0   13  2
11  12  210000000000    2   0   14  3
12  15  210000000000    1   1   15  5
12  13  210000000000    2   0   16  3
13  14  210000000000    1   0   17  6
7   13  210000000000    2   0   18  10
7   6   210000000000    2   0   19  2
6   14  210000000000    2   0   20  9
15  14  210000000000    2   0   21  4
16  15  210000000000    2   0   22  4
12			           
1 1 6000 8750 0 0 0 0
2 1 7000 7000 0 0 0 0
3 1 8750 11500 0 0 0 0
4 2 80000 0 0.6 0 0 0
5 1 11500 14250 0 0 0 0
6 1 10000 10000 0 0 0 0 
7 1 14250 17000 0 0 0 0 
8 2 58000 0 0.0 0 0 0
9 2 20000 0 0.5 45 0 0
12 1 7000 7000 0 0 0 0
15 1 7000 7000 0 0 0 0
0 3 0 0 0 0 -290000 5
10                                           
1   0.40 0.0086   0.0135   0.18 0.0135   0.18 5   
1   0.33 0.0075   0.0127   0.16 0.0127   0.16 6  
1   0.40 0.0086   0.0135   0.18 0.0135   0.18 7  
1   0.30 0.0071   0.0107   0.15 0.0107   0.15 8        
2   0.45 0.012   0.0   0.0   0.0   0.0 1
2   0.35 0.010   0.0   0.0   0.0   0.0 2
2   0.28 0.006   0.0   0.0   0.0   0.0 3
2   0.28 0.006   0.0   0.0   0.0   0.0 4
2   0.20 0.004   0.0   0.0   0.0   0.0 9
2   0.20 0.004   0.0   0.0   0.0   0.0 10
